Wed, 03 Aug 2022 17:26:38 +00000,24.5
1,24.75
2,24.75
3,24.5
4,24.5
5,24.75
6,24.75
7,24.75
8,24.75
9,24.75
10,24.5
11,24.75
12,24.75
13,24.75
14,24.75
15,24.75
16,24.75
17,24.75
18,24.75
19,24.75
20,25
21,24.75
22,24.75
23,24.75
24,24.75
25,24.75
26,24.75
27,25
28,24.75
29,25
30,24.75
31,24.75
32,25
33,24.75
34,25
35,25
36,25
37,25
38,25
39,25
40,25
41,25
42,25
43,25
44,24.75
45,25
46,25
47,25.25
48,25.5
49,25.75
50,26.5
51,26.75
52,26.25
53,26.5
54,26.25
55,26.25
56,26
57,25.75
58,25.75
59,25.75
60,25.75
61,25.75
62,25.75
63,25.75
64,25.75
65,25.75
66,25.75
67,25.75
68,25.75
69,25.75
70,25.75
71,25.75
72,25.5
73,25.75
74,25.75
75,25.75
76,25.75
77,25.75
78,25.75
79,25.75
80,26
81,26
82,25.75
83,26
84,26.25
85,26.25
86,26.5
87,26.25
88,26.25
89,26
90,26.25
91,26.25
92,26.25
93,26.25
94,26.25
95,26.25
96,26.25
97,26.25
98,26.25
99,26.25
100,26.5
101,26.25
102,26.25
103,26.5
104,26.5
105,26.25
106,26.25
107,26.5
108,26.5
109,26.5
110,26.5
111,26.75
112,26.75
113,26.75
114,26.75
115,27
116,27
117,27
118,27
119,27
120,27
121,27
122,27.25
123,27
124,27.25
125,27.25
126,27.25
127,27.25
128,27.25
129,27.25
130,27.25
131,27.5
132,27.25
133,27.5
134,27.25
135,27.5
136,27.5
137,27.5
138,27.25
139,27.5
140,27.5
141,27.5
142,27.5
143,27.75
144,27.75
145,27.5
146,27.75
147,27.75
148,28
149,27.75
150,27.75
151,28
152,28
153,27.75
154,28
155,28
156,28
157,28
158,28
159,28.25
160,28.25
161,28.25
162,28.25
163,28.25
164,28.25
165,28.25
166,28.25
167,28.25
168,28.25
169,28.25
170,28.25
171,28.5
172,28.5
173,28.5
174,28.25
175,28.5
176,28.75
177,28.75
178,28.75
179,28.75
180,28.75
181,28.75
182,28.75
183,29
184,28.75
185,29
186,29
187,29
188,29
189,29.25
190,29
191,29
192,29.25
193,29.25
194,29.25
195,29.25
196,29.25
197,29.25
198,29.5
199,29.5
200,29.5
201,29.75
202,29.5
203,29.75
204,29.75
205,29.75
206,29.75
207,29.75
208,29.75
209,29.75
210,29.75
211,30
212,30
213,30
214,30
215,30
216,30
217,30
218,30
219,30
220,30
221,30
222,30
223,30.25
224,30
225,30.25
226,30.25
227,30.25
228,30.25
229,30.25
230,30.5
231,30.5
232,30.25
233,30.25
234,30.5
235,30.5
236,30.5
237,30.5
238,30.75
239,30.75
240,30.75
241,30.75
242,30.75
243,30.75
244,30.75
245,30.75
246,31
247,30.75
248,30.75
249,30.75
250,30.75
251,30.75
252,30.75
253,31
254,31
255,30.75
256,30.75
257,30.75
258,30.75
259,30.75
260,31
261,30.75
262,31
263,31
264,31.25
265,31
266,31
267,31.25
268,31
269,31.25
270,31.25
271,31.25
272,31.25
273,31.25
274,31.25
275,31.5
276,31.5
277,31.75
278,31.5
279,31.75
280,31.5
281,31.75
282,31.75
283,31.75
284,31.75
285,31.75
286,31.75
287,31.75
288,31.75
289,32
290,32
291,31.75
292,31.75
293,32
294,31.75
295,32
296,32
297,32
298,32.25
299,32.25
300,32.25
301,32.25
302,32.25
303,32.25
304,32.5
305,32.5
306,32.5
307,32.25
308,32.5
309,32.5
310,32.5
311,32.75
312,32.5
313,32.25
314,32.5
315,32.5
316,32.5
317,32.5
318,32.75
319,32.75
320,32.75
321,32.5
322,32.5
323,32.75
324,32.5
325,32.75
326,33
327,32.75
328,32.75
329,33
330,33
331,33
332,33
333,33
334,33
335,33.25
336,33.25
337,33.25
338,33.25
339,33.25
340,33.25
341,33.5
342,33.5
343,33.5
344,33
345,33.5
346,33.5
347,33.5
348,33.5
349,33.5
350,32.5
351,33.5
352,33.75
353,33.75
354,33.75
355,33.75
356,33.75
357,33.75
358,34
359,34
360,34
361,33.75
362,34
363,33.75
364,34
365,34
366,34
367,34.25
368,34
369,34
370,33.5
371,34.25
372,34.25
373,34.25
374,34.25
375,34.5
376,34.25
377,34.5
378,34.5
379,34.5
380,34.5
381,34.5
382,34.5
383,34.5
384,34.5
385,34.5
386,34.5
387,34.75
388,34.75
389,34.5
390,34.75
391,34.75
392,34.75
393,34.75
394,35
395,34.75
396,34.75
397,34.75
398,35
399,34.75
400,35
401,35
402,35
403,35.25
404,35.25
405,35.25
406,35.25
407,35.25
408,35.5
409,35.25
410,35
411,35.25
412,35.25
413,35.25
414,35.25
415,35.5
416,35.5
417,35.5
418,35.5
419,35.25
420,35.5
421,35.5
422,35.75
423,35.5
424,35.5
425,35.75
426,35.75
427,35.75
428,35.75
429,35.75
430,36
431,35.75
432,35.75
433,36
434,36
435,36
436,36
437,36
438,36
439,36
440,36
441,36.25
442,36
443,36
444,36
445,36.25
446,36.25
447,36.5
448,36.25
449,36.5
450,36.5
451,36.25
452,36.5
453,36.5
454,36.5
455,36.5
456,36.5
457,36.5
458,36.75
459,36.75
460,36.75
461,36.75
462,36.75
463,36.75
464,36.75
465,37
466,36.75
467,36.75
468,37
469,37
470,36
471,37
472,37
473,37
474,37
475,37
476,37
477,37
478,37.25
479,37.25
480,37.25
481,37.25
482,37.25
483,37.25
484,37.25
485,37.25
486,37.5
487,37.25
488,37.25
489,37.5
490,37.5
491,37.5
492,37.5
493,37.5
494,37.5
495,37.5
496,37.25
497,37.75
498,37.5
499,37.75
500,37.75
501,37.75
502,37.75
503,37.75
504,37.75
505,37.75
506,37.75
507,38
508,38
509,37.75
510,38
511,37.75
512,38
513,38
514,38
515,38
516,38
517,38.25
518,38
519,38
520,38.25
521,38
522,38.25
523,38.25
524,38.25
525,38.5
526,38.25
527,38.25
528,38.25
529,38.5
530,38
531,38.5
532,38.25
533,38.5
534,38.5
535,38.5
536,38.5
537,38.5
538,38.5
539,38.5
540,38.5
541,38.5
542,39
543,38.75
544,38.5
545,38.75
546,38.75
547,38.75
548,38.75
549,38.75
550,38.75
551,38.75
552,39
553,38.75
554,39
555,39
556,39.25
557,39
558,39
559,39.25
560,39
561,39.25
562,39.25
563,39.25
564,39.25
565,39.25
566,39.25
567,39.5
568,39.25
569,39.5
570,39.75
571,39.5
572,39.25
573,39.5
574,39.75
575,39.75
576,39.75
577,40
578,40
579,39.75
580,39.75
581,40
582,40
583,40
584,40
585,40
586,40
587,40
588,40
589,40
590,40.25
591,40
592,40
593,40
594,40.25
595,40.25
596,40
597,40.25
598,40.25
599,40
600,40.25
601,40.25
602,40.25
603,40.25
604,40.25
605,40.25
606,40.5
607,40.5
608,40.5
609,40.75
610,40.75
611,40.75
612,40.5
613,40.5
614,40.5
615,40.75
616,40.75
617,40.75
618,40.75
619,40.75
620,40.75
621,41
622,40.75
623,41
624,41
625,40.75
626,41
627,41.25
628,41
629,41
630,41.25
631,41
632,41.25
633,41
634,41.25
635,41.25
636,41
637,41.25
638,41.25
639,41.25
640,41.25
641,41.5
642,41.5
643,41.5
644,41.5
645,41.5
646,41.5
647,41.5
648,41.5
649,41.75
650,41.5
651,41.75
652,41.75
653,41.75
654,41.5
655,41.5
656,41.75
657,41.75
658,41.75
659,41.75
660,41.75
661,41.75
662,41.75
663,41.75
664,41.75
665,42
666,42
667,41.75
668,42
669,42
670,41.75
671,42
672,42
673,42
674,42.25
675,42
676,42.25
677,42
678,42.25
679,42.25
680,42.25
681,42.25
682,42.25
683,42.25
684,42.25
685,42.25
686,42.5
687,42.25
688,42.5
689,42.25
690,42.25
691,42.5
692,42.25
693,42.5
694,42.5
695,42.5
696,42.5
697,42.5
698,42.5
699,42.5
700,42.5
701,42.75
702,42.75
703,42.75
704,42.5
705,42.5
706,42.75
707,42.75
708,43
709,42.75
710,42.75
711,42.75
712,43
713,42.75
714,42.75
715,42.75
716,42.75
717,43
718,43
719,43
720,43.25
721,43
722,43
723,43.25
724,43
725,43.25
726,43.25
727,43.25
728,43.25
729,43.25
730,43.25
731,43.25
732,43.5
733,43.25
734,43.25
735,43.25
736,43.5
737,43.25
738,43.25
739,43.25
740,43.5
741,43.5
742,43.5
743,43.5
744,43.75
745,43.75
746,43.75
747,43.75
748,43.75
749,43.75
750,43.75
751,43.75
752,43.5
753,43.75
754,43.75
755,43.75
756,44
757,44
758,43.75
759,44
760,44
761,44
762,44
763,44
764,44
765,44.25
766,44
767,44
768,44
769,44.25
770,44.25
771,44.25
772,44.25
773,44
774,44.25
775,44.5
776,44.25
777,44.25
778,44.25
779,44.25
780,44.25
781,44.5
782,44.5
783,44.25
784,44.5
785,44.5
786,44.5
787,44.5
788,44.5
789,44.5
790,44.5
791,44.75
792,44.5
793,44.75
794,44.75
795,44.75
796,44.75
797,44.75
798,44.75
799,45
800,44.75
801,45
802,44.75
803,44.75
804,44.75
805,44.75
806,44.75
807,44.75
808,45
809,45
810,44.75
811,45
812,45
813,45
814,44.75
815,45
816,45
817,45
818,45
819,45
820,45
821,45
822,45
823,45
824,45
825,45
826,45
827,45.25
828,45.25
829,45.25
830,45.25
831,45.25
832,45.25
833,45.25
834,45.5
835,45.5
836,45.5
837,45.5
838,45.5
839,45.25
840,45.25
841,45.5
842,45.5
843,45.5
844,45.25
845,45.5
846,45.5
847,45.5
848,45.5
849,45.75
850,45.5
851,45.5
852,45.5
853,45.75
854,45.75
855,45.5
856,45.75
857,45.75
858,45.75
859,46
860,45.75
861,46
862,45.75
863,46.25
864,46.25
865,46
866,46
867,45.75
868,46
869,46
870,46
871,46.25
872,46
873,46.25
874,46.25
875,46.25
876,46
877,46.5
878,46.25
879,46.25
880,46.5
881,46.25
882,46.25
883,46.25
884,46.25
885,46.25
886,46.5
887,46.25
888,46.25
889,45.25
890,46.5
891,46.5
892,46.5
893,46.5
894,46.75
895,46.5
896,46.75
897,46.5
898,46.5
899,46.75
900,46.75
901,46.75
902,46.75
903,46.5
904,46.75
905,46.75
906,46.5
907,46.5
908,46.75
909,46.75
910,47
911,46.75
912,46.75
913,46.75
914,47
915,46.5
916,47
917,47
918,47
919,47
920,47
921,47
922,47
923,47
924,47
925,47
926,47
927,47
928,47.25
929,47
930,47
931,47.25
932,47
933,47
934,47
935,47
936,47
937,47
938,47
939,47
940,47.25
941,47.25
942,47.25
943,47.25
944,47.25
945,47
946,47.25
947,47.25
948,47.25
949,46.5
950,47.5
951,47.25
952,47.5
953,47.5
954,47.5
955,47.25
956,47.5
957,47.75
958,47.5
959,47.5
960,47.5
961,47.5
962,47.75
963,47.75
964,47.5
965,47.75
966,47.75
967,48
968,47.75
969,47.75
970,48
971,47.75
972,47.75
973,48
974,48
975,47.75
976,48
977,48
978,48.25
979,48
980,48
981,48
982,48
983,48.25
984,48.25
985,48.25
986,48.25
987,48.25
988,48.25
989,48.25
990,48.25
991,48.5
992,48.25
993,48.25
994,48.5
995,48.25
996,48.25
997,48.5
998,48.5
999,48.5
1000,48.5
1001,48.5
1002,48.5
1003,48.5
1004,48.5
1005,48.5
1006,48.5
1007,48.5
1008,48.5
1009,48
1010,48.5
1011,48.5
1012,48.5
1013,48.5
1014,48.5
1015,48.75
1016,48.5
1017,48.75
1018,48.75
1019,49
1020,48.75
1021,48.75
1022,48.75
1023,48.75
1024,48.5
1025,48.75
1026,48.75
1027,48.75
1028,49
1029,48.75
1030,49
1031,49
1032,49
1033,49
1034,49
1035,49
1036,48.75
1037,49.25
1038,49
1039,49.25
1040,49.25
1041,49.25
1042,49
1043,49.25
1044,49
1045,49
1046,49.25
1047,49.25
1048,49.25
1049,49.25
1050,49.5
1051,49.25
1052,49.25
1053,49.75
1054,49.5
1055,49.5
1056,49.25
1057,49.5
1058,49.25
1059,49.25
1060,49.25
1061,49.5
1062,49.5
1063,49.5
1064,49.5
1065,49.5
1066,49.5
1067,49.75
1068,49.5
1069,49.5
1070,49.75
1071,50
1072,49.75
1073,49.75
1074,49.75
1075,50
1076,49.75
1077,49.75
1078,50
1079,49.75
1080,49.75
1081,50
1082,50
1083,50
1084,50
1085,50
1086,50
1087,50
1088,50
1089,50
1090,50
1091,50
1092,50
1093,50
1094,50.25
1095,50
1096,50.25
1097,50
1098,50.25
1099,50.25
1100,50.25
1101,50.5
1102,50.5
1103,50.25
1104,50.25
1105,50.25
1106,50.25
1107,50.25
1108,50.25
1109,50.25
1110,50.5
1111,50.5
1112,50.5
1113,50.5
1114,50.25
1115,50.25
1116,50.5
1117,50.5
1118,50.5
1119,50.5
1120,50.5
1121,50.75
1122,50.75
1123,50.5
1124,50.75
1125,50.75
1126,50.5
1127,50.75
1128,50.75
1129,50.5
1130,50.75
1131,50.75
1132,50.75
1133,50.75
1134,50.75
1135,50.75
1136,50.75
1137,51
1138,51
1139,51
1140,51
1141,50.75
1142,51
1143,50.75
1144,51
1145,51
1146,51
1147,50.75
1148,51
1149,51.25
1150,51.25
1151,51
1152,51.25
1153,51.25
1154,51.25
1155,51.25
1156,51.25
1157,51.25
1158,51.25
1159,51.25
1160,51.25
1161,51.25
1162,51.25
1163,51.5
1164,51.5
1165,51.5
1166,51.5
1167,51.5
1168,51.5
1169,51.5
1170,51.5
1171,51.5
1172,51.5
1173,51.25
1174,51.5
1175,51.25
1176,51.5
1177,51.5
1178,51.5
1179,51.5
1180,51.5
1181,51.5
1182,51.5
1183,51.5
1184,51.5
1185,51.5
1186,51.5
1187,51.5
1188,51.5
1189,51.5
1190,51.75
1191,51.75
1192,51.75
1193,51.5
1194,51.75
1195,51.5
1196,51.5
1197,51.75
1198,51.75
1199,51.75
1200,51.75
1201,51.5
1202,51.75
1203,51.75
1204,52
1205,51.75
1206,51.75
1207,51.75
1208,51.75
1209,52
1210,52
1211,52
1212,52
1213,51.75
1214,52
1215,52
1216,52
1217,52
1218,52.25
1219,52
1220,52
1221,52
1222,52
1223,52
1224,52
1225,52
1226,52
1227,52
1228,52
1229,52
1230,52.25
1231,52.25
1232,52.25
1233,52.25
1234,52.25
1235,52.25
1236,52.25
1237,52.25
1238,52.25
1239,52.25
1240,52.5
1241,52.25
1242,52.5
1243,52.25
1244,52.25
1245,52.25
1246,52.5
1247,52.25
1248,52.25
1249,52.25
1250,52.25
1251,52.5
1252,52.25
1253,52.5
1254,52.75
1255,52.25
1256,52.5
1257,52.75
1258,52.5
1259,52.5
1260,52.5
1261,52.5
1262,52.75
1263,52.5
1264,52.75
1265,52.5
1266,52.75
1267,52.75
1268,52.75
1269,52.75
1270,52.75
1271,52.75
1272,53
1273,52.75
1274,52.75
1275,52.75
1276,52.75
1277,53
1278,52.75
1279,52.75
1280,52.75
1281,52.75
1282,52.75
1283,52.75
1284,52.75
1285,53
1286,53
1287,53
1288,53
1289,52.75
1290,52.75
1291,52.75
1292,52.75
1293,52.75
1294,52.75
1295,53
1296,52.75
1297,52.75
1298,52.5
1299,53
1300,53
1301,53
1302,53
1303,53
1304,53
1305,53
1306,53.25
1307,53
1308,53
1309,53
1310,53.25
1311,53.25
1312,53
1313,53
1314,53
1315,53.25
1316,53.25
1317,53.25
1318,53.25
1319,53.25
1320,53.5
1321,53.25
1322,53.25
1323,53.25
1324,53
1325,53.25
1326,53.25
1327,53.25
1328,53.25
1329,53
1330,53.25
1331,53.25
1332,53.25
1333,53.25
1334,53.25
1335,53
1336,53.25
1337,53.5
1338,53
1339,53.25
1340,53.25
1341,53
1342,53
1343,53.25
1344,53.25
1345,53.5
1346,53.25
1347,53.5
1348,53.25
1349,53.25
1350,53.25
1351,53.25
1352,53.25
1353,53.25
1354,53.5
1355,53.5
1356,53.25
1357,53.5
1358,53.25
1359,53.25
1360,53.25
1361,53.5
1362,53.5
1363,53.5
1364,53.5
1365,53.25
1366,53.5
1367,53.5
1368,53
1369,53.5
1370,53.5
1371,53.5
1372,53.5
1373,53.5
1374,53.25
1375,53.25
1376,53.25
1377,53.25
1378,53.5
1379,53.5
1380,53.5
1381,53.25
1382,53.75
1383,53.5
1384,53.75
1385,53.5
1386,53.25
1387,53.5
1388,53.5
1389,53.5
1390,53.5
1391,53.75
1392,53.5
1393,53.5
1394,53.5
1395,53.75
1396,53.75
1397,53.75
1398,53.5
1399,53.25
1400,53.25
1401,53.25
1402,53.5
1403,53.5
1404,53.5
1405,53.5
1406,53.5
1407,53.5
1408,53.5
1409,53.25
1410,53.5
1411,53.5
1412,53.75
1413,53.75
1414,53.5
1415,53.75
1416,53.75
1417,53.75
1418,53.5
1419,53.5
1420,53.75
1421,53.5
1422,53.5
1423,53.75
1424,53.75
1425,53.75
1426,53.5
1427,53.5
1428,52.75
1429,53.5
1430,53.75
1431,53.75
1432,53.5
1433,53.75
1434,53.5
1435,53.5
1436,53.75
1437,53.5
1438,53.75
1439,53.75
1440,54
1441,53.75
1442,53.5
1443,53.75
1444,53.5
1445,53.75
1446,53.75
1447,53.75
1448,53.5
1449,53.75
1450,53.75
1451,53.75
1452,53.75
1453,53.5
1454,53.5
1455,53.75
1456,53.5
1457,53.75
1458,53.75
1459,53.75
1460,53.75
1461,53.5
1462,53.75
1463,54
1464,54
1465,54
1466,53.75
1467,53.75
1468,54
1469,53.75
1470,53.75
1471,53.75
1472,53.75
1473,53.75
1474,53.75
1475,54
1476,53.75
1477,54
1478,54
1479,53.75
1480,54
1481,53.75
1482,54
1483,53.75
1484,54
1485,53.75
1486,53.75
1487,53.75
1488,52.75
1489,53.75
1490,53.75
1491,53.75
1492,54
1493,53.75
1494,53.75
1495,53.75
1496,53.75
1497,53.75
1498,53.75
1499,53.75
1500,53.75
1501,53.75
1502,53.75
1503,53.75
1504,54
1505,53.75
1506,54
1507,53.75
1508,54
1509,54
1510,53.75
1511,54
1512,53.75
1513,53.75
1514,54
1515,54
1516,53.75
1517,54
1518,54
1519,53.75
1520,53.75
1521,54
1522,53.75
1523,54
1524,53.75
1525,53.75
1526,53.75
1527,53.75
1528,53.5
1529,53.5
1530,53.75
1531,53.75
1532,54
1533,53.75
1534,53.75
1535,53.5
1536,53.75
1537,53.75
1538,53.75
1539,53.75
1540,53.5
1541,53.75
1542,53.75
1543,53.75
1544,53.5
1545,53.75
1546,53.75
1547,53.75
1548,53.5
1549,53.75
1550,53.5
1551,53.5
1552,53.75
1553,53.5
1554,53.75
1555,53.75
1556,53.75
1557,53.75
1558,53.75
1559,53.5
1560,53.75
1561,53.5
1562,53.75
1563,53.75
1564,53.75
1565,53.5
1566,53.75
1567,53.5
1568,53.5
1569,53.5
1570,53.5
1571,53.75
1572,53.75
1573,53.5
1574,53.5
1575,53.5
1576,53.5
1577,53.75
1578,53.5
1579,53.5
1580,53.5
1581,53.5
1582,53.5
1583,53.75
1584,53.75
1585,53.5
1586,53.5
1587,53.5
1588,53.25
1589,53.5
1590,53.5
1591,53.5
1592,53.5
1593,53.25
1594,53.5
1595,53.5
1596,53.25
1597,53.5
1598,53.5
1599,53.5
1600,53.5
1601,53.5
1602,53.25
1603,53.75
1604,53.5
1605,53.25
1606,53.5
1607,53.25
1608,53
1609,53.25
1610,53.25
1611,53.25
1612,53
1613,53.25
1614,53.25
1615,53.25
1616,53
1617,53.25
1618,53.25
1619,53.25
1620,53.5
1621,53.5
1622,53.25
1623,53.25
1624,53.25
1625,53.25
1626,53.25
1627,53.25
1628,53.25
1629,53.5
1630,53.25
1631,53.25
1632,53.25
1633,53.25
1634,53.25
1635,53.5
1636,53.25
1637,53.25
1638,53.25
1639,53.25
1640,53.25
1641,53
1642,53.25
1643,53.25
1644,53.25
1645,53.25
1646,53.25
1647,53
1648,53
1649,53.25
1650,53.25
1651,53.25
1652,53.25
1653,53.25
1654,53
1655,53.25
1656,53.25
1657,53.25
1658,53.25
1659,53.25
1660,53.25
1661,53
1662,53
1663,53
1664,53
1665,53.25
1666,53.25
1667,53.25
1668,53
1669,53.25
1670,53.25
1671,53
1672,53.25
1673,53.25
1674,53
1675,53.25
1676,53.25
1677,53.25
1678,53
1679,53
1680,53
1681,53
1682,53
1683,53
1684,53
1685,53
1686,52.75
1687,53
1688,53
1689,53
1690,53
1691,53
1692,52.75
1693,52.75
1694,53
1695,52.75
1696,52.75
1697,53
1698,52.75
1699,53.25
1700,53
1701,53
1702,53
1703,53
1704,52.75
1705,53
1706,52.75
1707,53
1708,52.75
1709,52.75
1710,52.75
1711,52.75
1712,53
1713,52.75
1714,52.75
1715,52.75
1716,53
1717,52.75
1718,52.75
1719,52.75
1720,52.5
1721,52.75
1722,52.75
1723,52.75
1724,53
1725,52.5
1726,52.75
1727,52.75
1728,52.75
1729,52.75
1730,52.75
1731,53
1732,53
1733,53
1734,53
1735,53
1736,53
1737,53
1738,52.75
1739,53
1740,52.75
1741,52.75
1742,53
1743,53
1744,52.75
1745,53
1746,53
1747,53
1748,53
1749,53
1750,53
1751,53
1752,53
1753,52.75
1754,52.75
1755,52.75
1756,52.75
1757,52.75
1758,52.75
1759,53
1760,52.75
1761,52.75
1762,52.75
1763,52.75
1764,52.75
1765,52.75
1766,52.75
1767,52.75
1768,52.75
1769,52.75
1770,52.75
1771,52.75
1772,52.75
1773,52.75
1774,52.75
1775,52.75
1776,52.75
1777,52.75
1778,52.5
1779,52.75
1780,52.75
1781,52.5
1782,52.5
1783,52.5
1784,52.5
1785,52.25
1786,52.5
1787,52.75
1788,52.75
1789,52.5
1790,52.5
1791,52.5
1792,52.5
1793,52.25
1794,52.5
1795,52.5
1796,52.5
1797,52.25
1798,52.5
1799,52.5
1800,52.5
1801,52.5
1802,52.25
1803,52.5
1804,52.25
1805,52.5
1806,52.5
1807,52.25
1808,52.5
1809,52.25
1810,52.5
1811,52.25
1812,52.25
1813,52.5
1814,52.25
1815,52.5
1816,52.75
1817,52.25
1818,52.5
1819,52.25
1820,52.5
1821,52.25
1822,52.5
1823,52.25
1824,52.25
1825,52.25
1826,52.5
1827,52.5
1828,52.5
1829,52.25
1830,52.25
1831,52.5
1832,52.5
1833,52.25
1834,52.25
1835,52.5
1836,52.5
1837,52.25
1838,52.25
1839,52.25
1840,52.5
1841,52.25
1842,52.5
1843,52.5
1844,52.25
1845,52.25
1846,52.25
1847,52.25
1848,52.25
1849,52
1850,52.25
1851,52.25
1852,52.25
1853,52.25
1854,52.25
1855,52.25
1856,52.25
1857,52
1858,52.25
1859,52.25
1860,52
1861,52.25
1862,52
1863,52.25
1864,52
1865,52.25
1866,52
1867,52
1868,52.25
1869,52.25
1870,52
1871,52
1872,52.25
1873,52.25
1874,52.25
1875,52.5
1876,52.25
1877,52.25
1878,52.25
1879,52.25
1880,52.25
1881,52
1882,52.25
1883,52.25
1884,52.25
1885,52
1886,52.25
1887,52.25
1888,52.25
1889,52
1890,52
1891,52.25
1892,52.25
1893,52.25
1894,52.25
1895,52.25
1896,52.5
1897,52.25
1898,52
1899,52.25
1900,52.25
1901,52
1902,52.25
1903,52.25
1904,52.25
1905,52
1906,52.25
1907,51
1908,52.25
1909,52
1910,52.25
1911,52.25
1912,52.25
1913,52
1914,51.75
1915,52
1916,52
1917,52.25
1918,52
1919,52.25
1920,52.25
1921,52.25
1922,52.25
1923,52
1924,52
1925,52
1926,52
1927,52.25
1928,52.25
1929,52.25
1930,52
1931,52
1932,52
1933,52
1934,52
1935,52
1936,52
1937,52
1938,52
1939,52
1940,52
1941,52
1942,52
1943,51.75
1944,52
1945,52.25
1946,52
1947,52
1948,52.25
1949,52
1950,52
1951,52.25
1952,52
1953,52.25
1954,52.25
1955,52
1956,52
1957,52
1958,52
1959,52
1960,52
1961,52
1962,52
1963,52
1964,52
1965,52
1966,52.25
1967,51
1968,52.25
1969,52
1970,52
1971,51.75
1972,52
1973,52
1974,52.25
1975,52
1976,52.25
1977,52
1978,52
1979,52
1980,52
1981,52
1982,52
1983,52
1984,52
1985,51.75
1986,52
1987,52
1988,52
1989,52
1990,51.75
1991,52
1992,52
1993,52
1994,52
1995,52
1996,52
1997,52
1998,52
1999,52
2000,52
2001,51.75
2002,52
2003,52
2004,52
2005,51.75
2006,51.75
2007,51.75
2008,51.75
2009,51.75
2010,51.75
2011,52
2012,52
2013,52.25
2014,52
2015,52
2016,52
2017,52
2018,52
2019,52
2020,51.75
2021,52
2022,51.75
2023,51.75
2024,51.75
2025,51.75
2026,51.75
2027,51.5
2028,51.75
2029,51.75
2030,51.75
2031,51.5
2032,52
2033,51.75
2034,51.75
2035,52
2036,52
2037,51.75
2038,52
2039,52
2040,51.75
2041,51.75
2042,51.75
2043,51.75
